The fallowing provIDs were not fond in a timly maner and skiped.  These will need to be added manualy.
70
98
123
132
181
194
242
399
455
473
552
576
665
703
754
796
1064
1081
1098
1111
1176
1213
1258
1414
1415
1648
1806
1808
1820
1931
1991
2000
2072
2079
2230
2449
2618
2692
2817
2882
2890
3095
3114
3179
3225
3274
3314
3357
3433
3491
3542
3579
3592
3610
3722
3811
3825
3882
3886
4079
4137
4365
4437
4499
4501
4636
4686
4715
4796
4801
4805
4913
4987
5001
5067
5070
5079
5183
5283
5445
5526
5681
5792
5821
5836
5910
5956
6191
6366
6416
6429
6704
6730
6796
6968
7034
7051
7199
7377
7450
7504
7611
7757
7831
7995
8112
8152
8162
8298
8394
8409
8420
8476
8521
8655
8755
8841
8871
8892
8897
8948
9079
9243
9247
9274
9340
9491
9657
9848
9859
9959
9984